p min 304 606
a 1 2 0
a 2 3 0
a 3 304 0
a 1 4 0
a 4 5 0
a 5 304 0
a 1 6 0
a 6 7 0
a 7 304 0
a 1 8 0
a 8 9 0
a 9 304 0
a 1 10 0
a 10 11 0
a 11 304 0
a 1 12 0
a 12 13 0
a 13 304 0
a 1 14 0
a 14 15 0
a 15 304 0
a 1 16 0
a 16 17 0
a 17 304 0
a 1 18 0
a 18 19 0
a 19 304 0
a 1 20 0
a 20 21 0
a 21 304 0
a 1 22 0
a 22 23 0
a 23 304 0
a 1 24 0
a 24 25 0
a 25 304 0
a 1 26 0
a 26 27 0
a 27 304 0
a 1 28 0
a 28 29 0
a 29 304 0
a 1 30 0
a 30 31 0
a 31 304 0
a 1 32 0
a 32 33 0
a 33 304 0
a 1 34 0
a 34 35 0
a 35 304 0
a 1 36 0
a 36 37 0
a 37 304 0
a 1 38 0
a 38 39 0
a 39 304 0
a 1 40 0
a 40 41 0
a 41 304 0
a 1 42 0
a 42 43 0
a 43 304 0
a 1 44 0
a 44 45 0
a 45 304 0
a 1 46 0
a 46 47 0
a 47 304 0
a 1 48 0
a 48 49 0
a 49 304 0
a 1 50 0
a 50 51 0
a 51 304 0
a 1 52 0
a 52 53 0
a 53 304 0
a 1 54 0
a 54 55 0
a 55 304 0
a 1 56 0
a 56 57 0
a 57 304 0
a 1 58 0
a 58 59 0
a 59 304 0
a 1 60 0
a 60 61 0
a 61 304 0
a 1 62 0
a 62 63 0
a 63 304 0
a 1 64 0
a 64 65 0
a 65 304 0
a 1 66 0
a 66 67 0
a 67 304 0
a 1 68 0
a 68 69 0
a 69 304 0
a 1 70 0
a 70 71 0
a 71 304 0
a 1 72 0
a 72 73 0
a 73 304 0
a 1 74 0
a 74 75 0
a 75 304 0
a 1 76 0
a 76 77 0
a 77 304 0
a 1 78 0
a 78 79 0
a 79 304 0
a 1 80 0
a 80 81 0
a 81 304 0
a 1 82 0
a 82 83 0
a 83 304 0
a 1 84 0
a 84 85 0
a 85 304 0
a 1 86 0
a 86 87 0
a 87 304 0
a 1 88 0
a 88 89 0
a 89 304 0
a 1 90 0
a 90 91 0
a 91 304 0
a 1 92 0
a 92 93 0
a 93 304 0
a 1 94 0
a 94 95 0
a 95 304 0
a 1 96 0
a 96 97 0
a 97 304 0
a 1 98 0
a 98 99 0
a 99 304 0
a 1 100 0
a 100 101 0
a 101 304 0
a 1 102 0
a 102 103 0
a 103 304 0
a 1 104 0
a 104 105 0
a 105 304 0
a 1 106 0
a 106 107 0
a 107 304 0
a 1 108 0
a 108 109 0
a 109 304 0
a 1 110 0
a 110 111 0
a 111 304 0
a 1 112 0
a 112 113 0
a 113 304 0
a 1 114 0
a 114 115 0
a 115 304 0
a 1 116 0
a 116 117 0
a 117 304 0
a 1 118 0
a 118 119 0
a 119 304 0
a 1 120 0
a 120 121 0
a 121 304 0
a 1 122 0
a 122 123 0
a 123 304 0
a 1 124 0
a 124 125 0
a 125 304 0
a 1 126 0
a 126 127 0
a 127 304 0
a 1 128 0
a 128 129 0
a 129 304 0
a 1 130 0
a 130 131 0
a 131 304 0
a 1 132 0
a 132 133 0
a 133 304 0
a 1 134 0
a 134 135 0
a 135 304 0
a 1 136 0
a 136 137 0
a 137 304 0
a 1 138 0
a 138 139 0
a 139 304 0
a 1 140 0
a 140 141 0
a 141 304 0
a 1 142 0
a 142 143 0
a 143 304 0
a 1 144 0
a 144 145 0
a 145 304 0
a 1 146 0
a 146 147 0
a 147 304 0
a 1 148 0
a 148 149 0
a 149 304 0
a 1 150 0
a 150 151 0
a 151 304 0
a 1 152 0
a 152 153 0
a 153 304 0
a 1 154 0
a 154 155 0
a 155 304 0
a 1 156 0
a 156 157 0
a 157 304 0
a 1 158 0
a 158 159 0
a 159 304 0
a 1 160 0
a 160 161 0
a 161 304 0
a 1 162 0
a 162 163 0
a 163 304 0
a 1 164 0
a 164 165 0
a 165 304 0
a 1 166 0
a 166 167 0
a 167 304 0
a 1 168 0
a 168 169 0
a 169 304 0
a 1 170 0
a 170 171 0
a 171 304 0
a 1 172 0
a 172 173 0
a 173 304 0
a 1 174 0
a 174 175 0
a 175 304 0
a 1 176 0
a 176 177 0
a 177 304 0
a 1 178 0
a 178 179 0
a 179 304 0
a 1 180 0
a 180 181 0
a 181 304 0
a 1 182 0
a 182 183 0
a 183 304 0
a 1 184 0
a 184 185 0
a 185 304 0
a 1 186 0
a 186 187 0
a 187 304 0
a 1 188 0
a 188 189 0
a 189 304 0
a 1 190 0
a 190 191 0
a 191 304 0
a 1 192 0
a 192 193 0
a 193 304 0
a 1 194 0
a 194 195 0
a 195 304 0
a 1 196 0
a 196 197 0
a 197 304 0
a 1 198 0
a 198 199 0
a 199 304 0
a 1 200 0
a 200 201 0
a 201 304 0
a 1 202 0
a 202 203 0
a 203 304 0
a 1 204 0
a 204 205 0
a 205 304 0
a 1 206 0
a 206 207 0
a 207 304 0
a 1 208 0
a 208 209 0
a 209 304 0
a 1 210 0
a 210 211 0
a 211 304 0
a 1 212 0
a 212 213 0
a 213 304 0
a 1 214 0
a 214 215 0
a 215 304 0
a 1 216 0
a 216 217 0
a 217 304 0
a 1 218 0
a 218 219 0
a 219 304 0
a 1 220 0
a 220 221 0
a 221 304 0
a 1 222 0
a 222 223 0
a 223 304 0
a 1 224 0
a 224 225 0
a 225 304 0
a 1 226 0
a 226 227 0
a 227 304 0
a 1 228 0
a 228 229 0
a 229 304 0
a 1 230 0
a 230 231 0
a 231 304 0
a 1 232 0
a 232 233 0
a 233 304 0
a 1 234 0
a 234 235 0
a 235 304 0
a 1 236 0
a 236 237 0
a 237 304 0
a 1 238 0
a 238 239 0
a 239 304 0
a 1 240 0
a 240 241 0
a 241 304 0
a 1 242 0
a 242 243 0
a 243 304 0
a 1 244 0
a 244 245 0
a 245 304 0
a 1 246 0
a 246 247 0
a 247 304 0
a 1 248 0
a 248 249 0
a 249 304 0
a 1 250 0
a 250 251 0
a 251 304 0
a 1 252 0
a 252 253 0
a 253 304 0
a 1 254 0
a 254 255 0
a 255 304 0
a 1 256 0
a 256 257 0
a 257 304 0
a 1 258 0
a 258 259 0
a 259 304 0
a 1 260 0
a 260 261 0
a 261 304 0
a 1 262 0
a 262 263 0
a 263 304 0
a 1 264 0
a 264 265 0
a 265 304 0
a 1 266 0
a 266 267 0
a 267 304 0
a 1 268 0
a 268 269 0
a 269 304 0
a 1 270 0
a 270 271 0
a 271 304 0
a 1 272 0
a 272 273 0
a 273 304 0
a 1 274 0
a 274 275 0
a 275 304 0
a 1 276 0
a 276 277 0
a 277 304 0
a 1 278 0
a 278 279 0
a 279 304 0
a 1 280 0
a 280 281 0
a 281 304 0
a 1 282 0
a 282 283 0
a 283 304 0
a 1 284 0
a 284 285 0
a 285 304 0
a 1 286 0
a 286 287 0
a 287 304 0
a 1 288 0
a 288 289 0
a 289 304 0
a 1 290 0
a 290 291 0
a 291 304 0
a 1 292 0
a 292 293 0
a 293 304 0
a 1 294 0
a 294 295 0
a 295 304 0
a 1 296 0
a 296 297 0
a 297 304 0
a 1 298 0
a 298 299 0
a 299 304 0
a 1 300 0
a 300 301 0
a 301 304 0
a 1 302 0
a 302 303 0
a 303 304 0
a 3 4 -0.9748920241865822
a 5 6 -0.9591717701953922
a 7 8 -0.95764273706494
a 9 10 -0.9501177658142664
a 11 12 -0.9378808270441858
a 13 14 -0.9527662509717189
a 15 16 -0.9824035410965625
a 17 18 -0.9694307390312483
a 19 20 -0.9589542414828076
a 21 22 -0.8887052725897231
a 23 24 -0.8744381422776659
a 25 26 -0.8223471082796061
a 27 28 -0.811048771935174
a 29 30 -0.8317103540755404
a 31 32 -0.8571458949114339
a 33 34 -0.8976736723888978
a 35 36 -0.8246183206106871
a 37 38 -0.8923085721366243
a 39 40 -0.9094162439962867
a 41 42 -0.9676760339583239
a 43 44 -0.9373541844725232
a 45 46 -0.8915644959988254
a 47 48 -0.8362632415397884
a 49 50 -0.7722195240407965
a 51 52 -0.8248418575001226
a 53 54 -0.7215029344973014
a 55 56 -0.8938285380977138
a 57 58 -0.905053138159214
a 59 60 -0.772189349112426
a 61 62 -0.7870664548583531
a 63 64 -0.8822723051751838
a 65 66 -0.8890391178787084
a 67 68 -0.9185009105019372
a 69 70 -0.9607966268951287
a 71 72 -0.94787007088294
a 73 74 -0.9874184768654034
a 75 76 -0.9855581576893052
a 77 78 -0.9791805685306286
a 77 80 -0.0
a 79 82 -0.988543605900043
a 81 82 -0.0
a 83 84 -0.9735619785590067
a 85 86 -0.9971590909090909
a 87 88 -0.9903563514674626
a 89 90 -0.99032726651286
a 91 92 -0.9816641216115366
a 93 94 -0.9930877192982456
a 95 96 -0.984331932649643
a 97 98 -0.986308549353999
a 99 100 -0.9979879275653923
a 101 102 -0.98920395421436
a 103 104 -0.9786041832389687
a 105 106 -0.9893058741805743
a 107 108 -0.9873139534883721
a 109 110 -0.9940239043824701
a 111 112 -0.992239135941782
a 113 114 -0.996031746031746
a 115 116 -0.9844699374263173
a 117 118 -0.9923100009626655
a 119 120 -0.9913793103448276
a 121 122 -0.9620743034055728
a 123 124 -0.9594489501166537
a 125 126 -0.9211415252917452
a 127 128 -0.9463085801734032
a 129 130 -0.9544970195706072
a 131 132 -0.8651146045841833
a 133 134 -0.8911414664518328
a 135 136 -0.9068094517518334
a 137 138 -0.9638871492277162
a 139 140 -0.9845959991351093
a 141 142 -0.9785172938004194
a 143 144 -0.9347243251227889
a 145 146 -0.8957826096974632
a 147 148 -0.8580643531422893
a 151 152 -0.9884762122879439
a 153 154 -0.990324375045653
a 155 156 -0.9825719224943267
a 157 158 -0.9706128736640298
a 159 160 -0.8557319017025063
a 161 162 -0.9109616569759653
a 163 164 -0.8899596710836433
a 165 166 -0.9712140225720154
a 167 168 -0.961859223840765
a 169 170 -0.9838758979061593
a 171 172 -0.9795977726163327
a 173 174 -0.9835003984397936
a 175 176 -0.989679631559485
a 177 178 -0.9894671519380105
a 179 180 -0.9894920018740379
a 181 182 -0.9961013645224172
a 183 184 -0.9937449488146551
a 185 186 -0.9877337800920177
a 187 188 -0.9758890546475868
a 189 190 -0.9914529914529915
a 191 192 -0.9839881442722843
a 193 194 -0.9860551724711232
a 195 196 -0.9796385323222812
a 197 198 -0.9815041540924669
a 199 200 -0.9741202846281314
a 201 202 -0.9862072346649453
a 203 204 -0.9567892128523984
a 205 206 -0.9666188426590149
a 207 208 -0.9723552148117515
a 209 210 -0.9723442750064616
a 211 212 -0.9800240488750875
a 213 214 -0.9665421373418893
a 215 216 -0.9802823050058207
a 217 218 -0.9625429775144873
a 219 220 -0.9798286166214156
a 221 222 -0.5362995085755199
a 223 224 -0.5151990122546171
a 225 226 -0.9859530539510877
a 227 228 -0.9725704590442078
a 229 230 -0.9650965801781647
a 231 232 -0.9781659388646288
a 233 234 -0.9776938170419238
a 235 236 -0.9861378211417852
a 237 238 -0.9423910891643851
a 239 240 -0.936247723132969
a 241 242 -0.9751947082044169
a 243 244 -0.9649208744216646
a 245 246 -0.9786182123970147
a 247 248 -0.9415800192946725
a 249 250 -0.9805249356196218
a 251 252 -0.9320148133319988
a 253 254 -0.9732751451133042
a 255 256 -0.942190341826588
a 257 258 -0.9411387993378061
a 259 260 -0.9325886638573118
a 261 262 -0.9473544693033612
a 263 264 -0.957003815738539
a 265 266 -0.9733418084809261
a 267 268 -0.9621778063622421
a 269 270 -0.888757791058558
a 271 272 -0.9427000575705239
a 271 274 -0.0
a 273 276 -0.9582646763749126
a 275 276 -0.0
a 277 278 -0.9485101885672964
a 279 280 -0.9390100586332389
a 281 282 -0.9169863700333519
a 283 284 -0.9500591668505185
a 285 286 -0.9259344539105073
a 287 288 -0.9387509042681457
a 287 290 -0.0
a 287 292 -0.0
a 289 294 -0.9504527483739319
a 291 294 -0.0
a 293 294 -0.0
a 295 296 -0.9646643109540636
a 297 298 -0.9557706177353616
a 299 300 -0.9579203177534276
a 301 302 -0.9806399205740332
